1 0.790625 0.054 0.07625 0.044
1 0.8 0.943 0.05 0.026
1 0.034375 0.752 0.05375 0.028
1 0.391875 0.055 0.03875 0.026
1 0.2275 0.726 0.0525 0.032
1 0.035625 0.722 0.05875 0.032
1 0.22625 0.091 0.055 0.034
1 0.606875 0.06 0.09125 0.044
1 0.50875 0.056 0.0775 0.032
1 0.419375 0.087 0.07125 0.03
2 0.04125 0.632 0.0775 0.116
1 0.32 0.536 0.07 0.036
1 0.039375 0.948 0.06875 0.032
1 0.226875 0.06 0.07375 0.032
0 0.2275 0.636 0.0575 0.1
1 0.041875 0.059 0.07875 0.034
1 0.318125 0.502 0.06875 0.032
2 0.3175 0.643 0.095 0.15
0 0.749375 0.789 0.07125 0.118
1 0.4175 0.506 0.0675 0.044
1 0.225625 0.281 0.05875 0.034
2 0.22875 0.2 0.07 0.112
8 0.22875 0.2 0.0725 0.112
0 0.133125 0.195 0.08125 0.126
2 0.3275 0.433 0.065 0.11
7 0.7025 0.191 0.0575 0.106
0 0.605625 0.195 0.07875 0.122
